1 7 7
2 7 7
3 6 6
4 5 5
5 4 4
6 4 4
7 5 5
8 5 5
9 3 3
10 5 5
11 15 15
12 7 7
13 5 5
14 15 15
15 5 5
16 5 5
17 4 4
18 6 6
19 5 5
20 15 22
21 5 5
22 9 9
23 9 9
24 5 5
25 5 5
26 5 5
27 8 8
28 4 4
29 3 3
30 9 9
31 5 5
32 7 7
33 9 9
34 4 4
35 6 6
36 10 10
37 4 4
38 5 5
39 15 19
40 60 99
41 6 6
42 6 6
43 5 5
44 6 6
45 5 6
46 39 53
47 5 5
48 65 95
49 7 7
50 7 7
51 6 6
52 11 11
53 4 4
54 10 10
55 3 3
56 5 5
57 3 3
58 32 41
59 16 16
60 7 7
61 6 6
62 7 7
63 26 39
64 5 5
65 8 8
66 7 7
67 4 4
68 40 56
69 11 15
70 17 21
71 53 75
72 4 4
73 5 5
74 5 5
75 6 6
76 7 8
77 5 5
78 43 56
79 7 7
80 9 10
81 5 5
82 15 20
83 7 7
84 19 19
85 7 7
86 19 22
87 8 8
88 11 11
89 10 10
90 10 10
91 5 5
92 36 41
93 13 16
94 12 17
95 34 50
96 36 44
97 12 13
98 9 9
99 5 5
100 8 8
101 5 5
102 7 7
103 43 58
104 48 61
105 7 7
106 43 60
107 5 5
108 7 7
109 3 3
110 3 3
111 36 43
112 7 7
113 5 5
114 6 6
115 3 3
116 33 39
117 7 7
118 5 5
119 4 4
120 7 7
121 4 4
122 7 7
123 35 44
124 22 27
125 5 5
126 7 7
127 4 4
128 5 5
129 6 6
130 7 7
131 8 8
132 5 5
133 7 7
134 8 8
135 5 5
136 4 4
137 7 7
138 7 7
139 5 5
140 5 5
141 4 4
142 4 4
143 12 12
144 55 70
145 5 5
146 33 42
147 6 6
148 5 5
149 12 12
150 7 7
151 5 5
152 5 5
153 4 4
154 5 5
155 3 3
156 6 6
157 5 5
158 6 6
159 5 5
160 6 6
161 6 6
162 4 4
163 4 4
164 6 6
165 5 5
166 8 8
167 7 7
168 9 10
169 4 4
170 6 6
171 5 5
172 6 6
173 5 5
174 9 10
175 10 10
176 7 7
177 14 14
178 4 4
179 7 7
180 7 7
181 7 7
182 7 7
183 5 5
184 9 9
185 52 59
186 7 7
187 3 3
188 7 7
189 5 5
190 3 3
191 5 5
192 5 5
193 5 5
194 6 7
195 2 2
196 7 7
197 4 4
198 7 7
199 4 5
200 7 7
201 7 7
202 32 41
203 5 5
204 5 5
205 26 30
206 4 4
207 5 5
208 6 6
209 6 6
210 8 8
211 6 6
212 5 5
213 5 5
214 6 6
215 7 7
216 5 5
217 4 4
218 5 5
219 3 3
220 6 6
221 5 5
222 18 20
223 3 3
224 39 46
225 6 6
226 9 9
227 4 4
228 4 4
229 3 3
230 5 5
231 6 6
232 6 6
233 7 7
234 6 6
235 3 3
236 23 27
237 6 6
238 7 7
239 9 9
240 7 7
241 30 45
242 21 26
243 51 86
244 6 6
245 8 8
246 7 7
247 6 6
248 31 42
249 7 8
250 6 6
251 30 36
252 31 43
253 9 9
254 42 51
255 4 4
256 6 6
257 5 5
258 6 6
259 5 5
260 5 5
261 3 3
262 3 3
263 6 6
264 5 5
265 25 32
266 5 5
267 6 6
268 6 6
269 5 5
270 6 6
271 9 9
272 30 38
273 6 6
274 10 10
275 7 7
276 30 34
277 7 7
278 57 85
279 5 5
280 6 6
281 23 25
282 39 64
283 4 4
284 40 57
285 5 5
286 6 6
287 6 6
288 7 7
289 6 6
290 5 5
291 5 5
292 9 9
293 8 8
294 4 4
295 6 7
296 6 6
297 6 6
298 35 55
299 5 5
300 20 26
301 6 6
302 4 4
303 25 29
304 8 8
305 4 4
306 4 4
307 4 4
308 4 4
309 4 4
310 8 8
311 6 6
312 3 3
313 6 6
314 6 6
315 4 4
316 6 6
317 7 7
318 7 7
319 30 49
320 40 54
321 65 91
322 47 60
323 6 6
324 5 5
325 7 7
326 4 4
327 9 9
328 5 5
329 44 61
330 6 6
331 9 9
332 25 34
333 9 10
334 8 8
335 34 43
336 9 10
337 5 5
338 7 7
339 8 8
340 5 5
341 5 5
342 8 8
343 9 9
344 6 6
345 7 7
346 7 7
347 8 8
348 7 7
349 4 4
350 8 8
351 8 8
352 6 6
353 6 6
354 9 9
355 6 6
356 4 4
357 7 7
358 7 7
359 4 4
360 5 5
361 6 6
362 4 4
363 6 6
364 4 4
365 7 7
366 5 6
367 25 38
368 7 7
369 6 6
370 5 5
371 8 10
372 6 6
373 7 7
374 4 4
375 4 4
376 4 4
377 4 4
378 7 7
379 3 3
380 24 34
381 5 5
382 6 6
383 7 7
384 5 5
385 4 4
386 5 5
387 5 5
388 9 9
389 6 6
390 8 8
391 5 5
392 5 5
393 8 8
394 5 5
395 4 4
396 47 61
397 53 92
398 3 3
399 10 10
400 9 9
401 6 6
402 3 3
403 7 8
404 6 6
405 23 26
406 13 13
407 8 8
408 7 7
409 49 62
410 4 4
411 8 8
412 5 5
413 6 6
414 22 30
415 5 5
416 9 9
417 40 53
418 4 4
419 6 6
420 4 4
421 7 7
422 4 4
423 5 5
424 5 5
425 6 6
426 6 6
427 4 4
428 5 5
429 8 8
430 5 5
431 5 5
432 6 6
433 8 9
434 7 7
435 45 53
436 4 4
437 5 5
438 9 10
439 10 10
440 52 58
441 47 68
442 6 6
443 8 8
444 5 5
445 3 3
446 5 5
447 4 4
448 5 5
449 4 4
450 6 6
451 7 7
452 6 6
453 5 5
454 6 6
455 5 5
456 4 4
457 6 7
458 6 6
459 5 5
460 4 4
461 9 9
462 59 69
463 5 5
464 45 63
465 4 4
466 6 6
467 6 6
468 6 6
469 6 6
470 6 6
471 4 4
472 5 5
473 4 4
474 6 6
475 5 5
476 5 5
477 4 4
478 4 4
479 18 28
480 7 7
481 7 7
482 7 7
483 17 28
484 5 5
485 8 8
486 5 5
487 4 4
488 6 6
489 8 8
490 6 6
491 8 8
492 34 42
493 6 6
494 12 12
495 45 62
496 6 6
497 52 80
498 6 6
499 5 5
500 4 4
501 4 4
502 5 5
503 8 8
504 4 4
505 5 5
506 4 4
507 8 8
508 5 5
509 5 5
510 7 7
511 6 6
512 6 6
513 4 4
514 5 5
515 8 8
516 6 6
517 7 7
518 7 7
519 6 6
520 5 5
521 4 4
522 6 6
523 4 4
524 7 7
525 6 6
526 4 4
527 30 58
528 5 5
529 7 7
530 7 7
531 75 101
532 7 7
533 61 87
534 6 6
535 9 9
536 41 59
537 14 15
538 10 10
539 7 7
540 7 7
541 5 5
542 4 4
543 5 5
544 6 6
545 8 8
546 7 7
547 6 6
548 6 7
549 8 8
550 7 7
551 7 7
552 5 5
553 8 8
554 6 6
555 5 5
556 5 5
557 4 4
558 33 48
559 7 7
560 5 5
561 6 6
562 4 4
563 5 5
564 4 4
565 4 4
566 5 5
567 6 6
568 6 6
569 5 5
570 6 6
571 7 7
572 8 8
573 8 8
574 7 7
575 8 8
576 5 5
577 4 4
578 8 8
579 4 4
580 6 6
581 4 4
582 3 3
583 6 6
584 6 6
585 73 95
586 9 9
587 5 5
588 6 6
589 7 7
590 7 7
591 10 10
592 4 4
593 6 6
594 7 7
595 36 51
596 15 21
597 7 7
598 20 26
599 4 4
600 7 7
601 9 9
602 3 3
603 5 5
604 2 2
605 42 52
606 9 9
607 3 3
608 5 5
609 4 4
610 4 4
611 5 5
612 5 5
613 4 4
614 5 5
615 43 59
616 101 140
617 25 30
618 20 22
619 59 78
620 4 4
621 6 6
622 6 6
623 6 6
624 6 6
625 8 8
626 13 17
627 4 4
628 7 7
629 6 6
630 28 34
631 9 9
632 9 9
633 11 12
634 5 5
635 5 5
636 5 5
637 46 77
638 7 7
639 6 6
640 8 8
641 6 6
642 3 3
643 11 11
644 45 67
645 5 5
646 8 8
647 7 7
648 5 5
649 4 4
650 6 6
651 6 6
652 5 5
653 10 10
654 7 7
655 21 25
656 7 7
657 6 6
658 9 9
659 6 6
660 6 6
661 13 15
662 5 5
663 4 4
664 4 4
665 5 5
666 7 7
667 5 5
668 7 7
669 3 3
670 92 114
671 38 56
672 7 7
673 5 5
674 13 13
675 68 99
676 5 5
677 34 49
678 29 48
679 44 67
680 5 5
681 7 7
682 5 5
683 6 6
684 6 6
685 6 6
686 4 4
687 5 5
688 6 6
689 14 14
690 8 8
691 26 32
692 4 4
693 21 28
694 18 25
695 75 106
696 60 93
697 13 13
698 28 39
699 22 27
700 5 5
701 5 5
702 5 5
703 4 4
704 6 8
705 6 6
706 6 6
707 4 4
708 8 8
709 4 4
710 5 5
711 5 5
712 5 5
713 5 5
714 4 4
715 6 6
716 4 4
717 17 31
718 12 13
719 34 53
720 7 7
721 21 32
722 5 5
723 4 4
724 77 107
725 5 5
726 21 28
727 25 33
728 41 47
729 3 3
730 39 51
731 36 51
732 6 6
733 9 9
734 9 9
735 8 8
736 7 7
737 5 5
738 6 6
739 4 4
740 4 4
741 5 5
742 5 5
743 4 4
744 4 4
745 4 4
746 4 4
747 7 7
748 7 7
749 4 4
750 4 4
751 6 6
752 4 4
753 10 10
754 4 4
755 33 48
756 6 6
757 4 4
758 15 20
759 30 41
760 3 3
761 21 24
762 6 6
763 10 10
764 7 7
765 8 8
766 6 6
767 13 15
768 13 13
769 5 5
770 5 5
771 6 6
772 5 5
773 5 5
774 4 4
775 6 6
776 9 9
777 6 6
778 9 9
779 7 7
780 11 11
781 5 5
782 5 5
783 4 4
784 5 5
785 9 9
786 6 7
787 5 5
788 9 9
789 4 4
790 4 4
791 5 5
792 10 10
793 4 4
794 27 32
795 7 7
796 79 102
797 5 5
798 5 5
799 26 36
800 8 9
801 6 6
802 4 4
803 5 5
804 6 6
805 5 5
806 6 6
807 5 5
808 5 5
809 4 4
810 5 5
811 6 6
812 6 6
813 6 6
814 6 6
815 7 7
816 7 7
817 4 4
818 7 7
819 4 4
820 4 4
821 5 5
822 16 22
823 7 7
824 35 56
825 32 45
826 7 7
827 11 12
828 12 17
829 9 9
830 6 6
831 8 8
832 6 6
833 7 7
834 7 7
835 8 8
836 7 7
837 6 6
838 6 6
839 6 6
840 6 6
841 6 6
842 6 6
843 4 4
844 5 5
845 5 5
846 4 4
847 9 12
848 26 32
849 41 72
850 25 38
851 39 62
852 6 7
853 4 4
854 49 84
855 37 62
856 31 43
857 15 17
858 25 35
859 5 5
860 21 30
861 24 46
862 6 6
863 3 3
864 6 6
865 36 54
866 3 3
867 46 68
868 9 9
869 6 6
870 6 6
871 5 5
872 8 8
873 5 5
874 5 5
875 8 8
876 6 6
877 8 8
878 7 7
879 9 9
880 7 7
881 8 8
882 5 5
883 7 7
884 10 10
885 6 6
886 6 6
887 7 9
888 7 7
889 6 6
890 13 16
891 33 48
892 30 37
893 37 49
894 31 40
895 10 15
896 6 6
897 10 10
898 4 4
899 6 6
900 5 5
901 6 6
902 4 4
903 5 5
904 6 6
905 5 5
906 5 5
907 6 6
908 4 4
909 5 5
910 5 5
911 4 4
912 8 8
913 2 2
914 3 3
915 3 3
916 2 2
917 2 2
918 2 2
919 5 5
920 5 5
921 6 6
922 5 5
923 4 4
924 4 4
925 7 7
926 4 4
927 9 9
928 4 4
929 3 3
930 6 6
931 8 8
932 8 9
933 6 6
934 5 5
935 6 6
936 6 6
937 8 8
938 4 4
939 5 5
940 28 33
941 23 29
942 50 57
943 6 6
944 42 64
945 6 6
946 12 12
947 5 5
948 3 3
949 27 30
950 36 51
951 18 23
952 4 4
953 4 4
954 6 6
955 6 6
956 4 4
957 6 6
958 3 3
959 7 7
960 5 5
961 18 24
962 39 55
963 24 34
964 50 58
965 7 7
966 7 7
967 8 8
968 11 11
969 4 4
970 5 5
971 30 42
972 62 95
973 40 54
974 31 38
975 9 9
976 6 6
977 9 9
978 6 6
979 7 7
980 24 31
981 24 40
982 34 41
983 10 10
984 7 7
985 5 5
986 11 12
987 9 11
988 7 7
989 4 4
990 23 27
991 8 8
992 6 6
993 6 6
994 5 5
995 5 5
996 7 7
997 5 5
998 4 4
999 4 4
1000 4 4
1001 37 54
1002 45 56
1003 81 122
1004 4 4
1005 5 5
1006 18 18
1007 16 17
1008 25 35
1009 16 20
1010 40 49
1011 7 7
1012 63 93
1013 33 41
1014 30 39
1015 21 34
1016 21 22
1017 9 10
1018 5 5
1019 7 7
1020 7 7
1021 7 7
1022 7 7
1023 7 7
1024 5 5
1025 37 53
1026 30 42
1027 4 4
1028 26 32
1029 46 67
1030 32 50
1031 18 20
1032 55 82
1033 63 85
1034 36 49
1035 38 48
1036 4 4
1037 8 8
1038 7 7
1039 8 8
1040 6 6
1041 6 6
1042 8 8
1043 29 45
1044 18 23
1045 19 28
1046 50 59
1047 22 31
1048 38 47
1049 29 50
1050 13 18
1051 48 67
1052 27 35
1053 14 18
1054 5 5
1055 7 7
1056 4 4
1057 6 6
1058 7 7
1059 4 4
1060 5 5
1061 5 5
1062 47 61
1063 9 9
1064 8 8
1065 12 15
1066 70 95
1067 28 33
1068 6 6
1069 8 8
1070 7 7
1071 25 45
1072 32 43
1073 13 18
1074 4 4
1075 4 4
1076 5 5
1077 6 6
1078 7 7
1079 6 6
1080 6 6
1081 6 6
1082 7 8
1083 40 47
1084 29 39
1085 10 10
1086 12 13
1087 21 26
1088 47 54
1089 5 5
1090 7 7
1091 7 8
1092 6 6
1093 5 5
1094 5 5
1095 5 6
1096 9 11
1097 12 15
1098 70 104
1099 70 91
1100 8 8
1101 8 8
1102 5 5
1103 4 4
1104 5 5
1105 4 4
1106 4 4
1107 3 3
1108 64 97
1109 20 26
1110 23 35
1111 24 30
1112 33 42
1113 50 61
1114 19 26
1115 21 25
1116 30 44
1117 26 39
1118 7 7
1119 7 7
1120 12 12
1121 22 24
1122 14 16
1123 4 4
1124 5 5
1125 4 4
1126 5 5
1127 5 5
1128 5 5
1129 7 7
1130 5 5
1131 4 4
1132 6 6
1133 6 6
1134 49 65
1135 92 132
1136 6 6
1137 3 3
1138 4 4
1139 5 5
1140 5 5
1141 5 5
1142 4 4
1143 59 90
1144 20 32
1145 70 89
1146 32 40
1147 33 50
1148 19 23
1149 5 5
1150 6 6
1151 6 6
1152 18 20
1153 18 21
1154 48 68
1155 58 103
1156 6 6
1157 8 8
1158 20 23
1159 47 55
1160 47 72
1161 52 67
1162 32 62
1163 31 33
1164 31 40
1165 31 50
1166 48 80
1167 28 36
1168 18 21
1169 54 78
1170 70 106
1171 38 54
1172 35 58
1173 29 47
1174 6 6
1175 5 5
1176 8 8
1177 6 6
1178 9 9
1179 56 72
1180 42 58
1181 38 42
1182 22 31
1183 25 29
1184 38 47
1185 24 32
1186 24 30
1187 7 7
1188 39 73
1189 7 7
1190 8 8
1191 7 7
1192 6 6
1193 5 5
1194 71 109
1195 44 62
1196 39 52
1197 47 65
1198 21 21
1199 39 52
1200 30 36
1201 9 9
1202 6 6
1203 5 5
1204 14 17
1205 10 12
1206 57 72
1207 5 5
1208 6 6
1209 8 8
1210 20 23
1211 15 16
1212 22 24
1213 15 19
1214 21 24
1215 21 27
1216 37 44
1217 7 7
1218 6 6
1219 7 7
1220 5 5
1221 5 5
1222 8 8
1223 53 68
1224 19 23
1225 36 45
1226 29 42
1227 4 4
1228 6 6
1229 6 6
1230 19 22
1231 14 17
1232 8 10
1233 18 30
1234 60 74
1235 64 82
1236 49 69
1237 37 52
1238 45 63
1239 4 4
1240 4 4
1241 6 6
1242 7 7
1243 7 8
1244 5 5
1245 4 4
1246 4 4
1247 39 52
1248 16 20
1249 12 12
1250 8 8
1251 11 19
1252 33 44
1253 30 48
1254 14 18
1255 37 42
1256 4 4
1257 39 48
1258 31 40
1259 24 32
1260 34 39
1261 43 63
1262 33 46
1263 14 18
1264 68 101
1265 52 90
1266 7 9
1267 36 62
1268 7 7
1269 6 6
1270 30 38
1271 32 40
1272 62 81
1273 12 14
1274 22 35
1275 9 9
1276 3 3
1277 6 6
1278 33 45
1279 24 29
1280 37 56
1281 23 34
1282 27 35
1283 6 6
1284 6 6
1285 11 11
1286 10 10
1287 8 8
1288 25 29
1289 7 7
1290 63 107
1291 4 4
1292 36 52
1293 9 10
1294 28 45
1295 39 69
1296 5 5
1297 5 5
1298 9 9
1299 7 7
1300 5 5
1301 4 4
1302 9 9
1303 9 9
1304 13 19
1305 23 37
1306 18 25
1307 68 93
1308 67 90
1309 48 63
1310 8 8
1311 3 3
1312 3 3
1313 7 7
1314 24 32
1315 64 96
1316 7 7
1317 8 8
1318 5 5
1319 7 7
1320 6 6
1321 4 4
1322 4 4
1323 47 77
1324 56 78
1325 57 73
1326 45 51
1327 45 69
1328 5 5
1329 6 6
1330 7 7
1331 36 52
1332 11 13
1333 29 36
1334 39 56
1335 8 9
1336 6 6
1337 7 7
1338 7 7
1339 5 5
1340 11 13
1341 34 43
1342 5 5
1343 6 6
1344 31 41
1345 19 22
1346 37 51
1347 41 59
1348 40 53
1349 53 63
1350 75 136
1351 23 31
1352 20 29
1353 21 29
1354 41 58
1355 7 7
1356 6 6
1357 5 5
1358 27 40
1359 52 84
1360 6 6
1361 9 9
1362 53 81
1363 25 34
1364 27 30
1365 63 79
1366 67 115
1367 12 13
1368 21 25
1369 20 29
1370 8 8
1371 8 8
1372 7 7
1373 17 25
1374 6 8
1375 6 6
1376 7 7
1377 7 7
1378 8 8
1379 48 83
1380 29 40
1381 65 90
1382 34 39
1383 26 34
1384 33 50
1385 75 101
1386 40 56
1387 41 53
1388 43 57
1389 38 45
1390 43 58
1391 40 49
1392 43 58
1393 54 72
1394 51 63
1395 20 31
1396 26 31
1397 56 74
1398 37 47
1399 26 29
1400 17 22
1401 26 27
1402 23 34
1403 33 56
1404 33 54
1405 8 8
1406 9 9
1407 8 8
1408 64 98
1409 77 101
1410 44 71
1411 43 73
1412 64 100
1413 32 45
1414 10 10
1415 70 89
1416 30 38
1417 29 34
1418 7 7
1419 7 7
1420 27 36
1421 38 48
1422 9 9
1423 54 82
1424 18 26
1425 52 78
1426 35 52
1427 44 63
1428 23 30
1429 23 31
1430 37 63
1431 14 21
1432 33 42
1433 69 90
1434 35 42
1435 44 66
1436 7 7
1437 7 7
1438 16 20
1439 30 38
1440 21 33
1441 40 56
1442 11 11
1443 25 36
1444 18 23
1445 34 42
1446 7 7
1447 6 6
1448 8 8
1449 5 5
1450 10 10
1451 8 8
1452 6 6
1453 54 72
1454 58 86
1455 44 70
1456 61 77
1457 40 63
1458 27 37
1459 24 35
1460 18 30
1461 4 4
1462 45 62
1463 32 45
1464 43 58
1465 38 48
1466 4 4
1467 28 35
1468 53 72
1469 66 78
1470 88 147
1471 36 47
1472 32 39
1473 26 38
1474 34 46
1475 31 35
1476 72 121
1477 9 9
1478 7 7
1479 8 8
1480 7 7
1481 6 6
1482 29 36
1483 18 25
1484 28 40
1485 43 61
1486 33 46
1487 64 82
1488 39 62
1489 40 49
1490 9 9
1491 62 82
1492 6 6
1493 9 9
1494 8 8
1495 23 29
1496 25 37
1497 54 90
1498 23 26
1499 8 8
1500 7 7
1501 13 25
1502 34 39
1503 46 74
1504 34 58
1505 35 45
1506 56 69
1507 35 43
1508 8 8
1509 11 11
1510 11 11
1511 12 12
1512 8 8
1513 5 5
1514 31 46
1515 28 34
1516 46 65
1517 65 92
1518 43 62
1519 51 64
1520 9 9
1521 9 9
1522 6 6
1523 45 55
1524 36 45
1525 56 102
1526 35 44
1527 48 91
1528 34 48
1529 24 33
1530 33 39
1531 15 20
1532 4 4
1533 29 39
1534 49 65
1535 33 48
1536 34 49
1537 8 8
1538 8 8
1539 10 15
1540 23 34
1541 26 32
1542 48 72
1543 70 110
1544 48 58
1545 7 7
1546 3 3
1547 10 10
1548 24 34
1549 44 53
1550 40 62
1551 24 32
1552 53 70
1553 26 34
1554 31 44
1555 7 7
1556 6 6
1557 7 7
1558 9 9
1559 11 20
1560 6 8
1561 7 7
1562 6 6
1563 15 23
1564 44 61
1565 24 29
1566 24 47
1567 25 31
1568 20 33
1569 14 22
1570 38 47
1571 44 52
1572 56 81
1573 9 9
1574 8 8
1575 8 8
1576 10 10
1577 11 11
1578 9 9
1579 9 9
1580 8 8
1581 9 9
1582 6 6
1583 8 8
1584 9 9
1585 8 8
1586 16 20
1587 32 43
1588 36 63
1589 63 79
1590 56 73
1591 74 114
1592 31 35
1593 26 36
1594 29 67
1595 37 51
1596 7 7
1597 8 8
1598 8 8
1599 8 8
1600 6 6
1601 37 67
1602 45 68
1603 47 58
1604 36 47
1605 58 89
1606 8 8
1607 7 7
1608 36 60
1609 53 76
1610 24 32
1611 22 29
1612 35 39
1613 33 52
1614 42 51
1615 21 32
1616 31 37
1617 8 8
1618 10 10
1619 18 26
1620 24 46
1621 35 43
1622 28 35
1623 45 60
1624 12 13
1625 35 55
1626 52 65
1627 30 46
1628 31 35
1629 30 34
1630 30 42
1631 20 34
1632 40 61
1633 15 22
1634 32 58
1635 22 35
1636 37 45
1637 41 61
1638 45 61
1639 7 7
1640 9 9
1641 67 105
1642 27 44
1643 29 35
1644 17 30
1645 34 48
1646 38 51
1647 51 75
1648 6 6
1649 37 50
1650 53 93
1651 63 94
1652 69 102
1653 46 57
1654 25 41
1655 18 30
1656 6 9
1657 23 35
1658 36 49
1659 25 56
1660 5 5
1661 9 11
1662 17 20
1663 10 15
1664 53 100
1665 108 190
1666 13 17
1667 20 30
1668 22 31
1669 21 32
1670 17 27
1671 71 104
1672 20 45
1673 21 36
1674 41 68
1675 20 25
1676 57 85
1677 57 97
1678 24 50
1679 49 90
1680 75 124
1681 62 104
1682 23 34
1683 30 54
1684 48 76
1685 28 61
1686 40 59
1687 13 15
1688 12 14
1689 14 18
1690 13 15
1691 67 116
1692 39 55
1693 45 71
1694 25 38
1695 80 121
1696 36 48
1697 47 76
1698 48 82
1699 59 106
1700 65 110
1701 8 8
1702 6 6
1703 40 77
1704 15 15
1705 88 159
1706 49 77
1707 23 38
1708 30 40
1709 43 68
1710 43 67
1711 68 98
1712 17 24
1713 35 50
1714 11 17
1715 9 12
1716 13 22
1717 33 48
1718 24 35
1719 43 83
1720 21 26
1721 44 86
1722 33 64
1723 28 48
1724 30 59
1725 50 127
1726 101 128
1727 72 126
1728 50 86
1729 13 18
1730 11 14
1731 13 16
1732 8 13
1733 10 13
1734 12 19
1735 25 38
1736 8 19
1737 8 8
1738 54 79
1739 32 53
1740 38 60
1741 72 135
1742 42 73
1743 25 45
1744 31 49
1745 50 76
1746 26 40
1747 67 131
1748 53 76
1749 36 55
1750 61 91
1751 45 77
1752 46 78
1753 39 59
1754 42 63
1755 9 10
1756 11 24
1757 12 27
1758 10 15
1759 7 9
1760 10 13
1761 11 14
1762 7 9
1763 14 25
1764 69 97
1765 40 59
1766 33 43
1767 31 48
1768 59 80
1769 83 111
1770 32 52
1771 53 120
1772 8 8
1773 10 10
1774 32 44
1775 12 19
1776 8 8
1777 9 16
1778 7 9
1779 9 10
1780 17 21
1781 38 58
1782 21 36
1783 21 46
1784 30 62
1785 21 30
1786 29 44
1787 32 42
1788 46 83
1789 7 7
1790 12 14
1791 11 16
1792 68 107
1793 18 19
1794 16 17
1795 11 13
1796 14 20
1797 11 13
1798 9 16
1799 11 12
1800 11 13
1801 18 25
1802 17 23
1803 14 22
1804 12 17
1805 73 102
1806 47 68
1807 56 85
1808 28 40
1809 35 53
1810 59 87
1811 67 129
1812 8 11
1813 10 17
1814 8 11
1815 9 12
1816 16 21
1817 12 14
1818 10 17
1819 17 21
1820 8 11
1821 12 14
1822 11 13
1823 7 12
1824 70 110
1825 54 86
1826 29 47
1827 68 117
1828 33 50
1829 59 105
1830 12 16
1831 10 12
1832 9 11
1833 8 8
1834 49 65
1835 27 43
1836 31 51
1837 27 39
1838 10 13
1839 14 17
1840 10 13
1841 11 14
1842 8 10
1843 23 34
1844 91 156
1845 57 90
1846 49 87
1847 60 101
1848 19 22
1849 7 9
1850 10 17
1851 7 10
1852 23 42
1853 49 97
1854 62 83
1855 50 81
1856 80 171
1857 10 16
1858 20 31
1859 18 31
1860 24 35
1861 26 41
1862 78 121
1863 11 16
1864 9 13
1865 11 11
1866 13 20
1867 30 51
1868 40 57
1869 39 65
1870 24 33
1871 37 52
1872 8 8
1873 17 24
1874 48 81
1875 29 49
1876 18 32
1877 44 67
1878 45 70
1879 56 98
1880 12 18
1881 10 15
1882 11 19
1883 14 16
1884 34 52
1885 57 89
1886 62 97
1887 18 32
1888 41 73
1889 63 84
1890 57 89
1891 52 86
1892 61 98
1893 20 30
1894 13 22
1895 13 16
1896 8 17
1897 7 12
1898 8 17
1899 16 20
1900 33 63
1901 45 68
1902 32 52
1903 12 21
1904 17 28
1905 36 63
1906 49 92
1907 31 47
1908 61 114
1909 17 26
1910 26 39
1911 48 75
1912 30 45
1913 14 22
1914 12 18
1915 52 82
1916 44 75
1917 23 34
1918 9 9
1919 10 16
1920 11 13
1921 27 39
1922 17 96
1923 27 36
1924 49 92
1925 39 65
1926 46 57
1927 32 54
1928 61 105
1929 48 75
1930 57 92
1931 38 67
1932 34 68
1933 46 79
1934 32 42
1935 34 45
1936 79 142
1937 32 57
1938 25 61
1939 62 99
1940 14 18
1941 7 9
1942 14 17
1943 10 17
1944 11 14
1945 38 59
1946 67 115
1947 42 57
1948 47 78
1949 15 21
1950 11 13
1951 39 72
1952 4 4
1953 10 10
1954 10 16
1955 13 20
1956 61 104
1957 23 53
1958 37 57
1959 41 79
1960 42 57
1961 32 64
1962 62 102
1963 7 12
1964 11 14
1965 14 20
1966 11 12
1967 10 15
1968 17 20
1969 9 10
1970 24 29
1971 17 24
1972 21 36
1973 33 41
1974 55 90
1975 29 39
1976 65 133
1977 32 53
1978 61 100
1979 10 15
1980 11 17
1981 10 13
1982 13 20
1983 6 9
1984 7 8
1985 8 12
1986 9 11
1987 11 13
1988 28 47
1989 48 82
1990 4 8
1991 12 20
1992 18 23
1993 9 18
1994 6 11
1995 12 14
1996 12 15
1997 65 83
1998 21 52
1999 23 37
2000 37 67
2001 18 23
2002 94 164
2003 61 123
2004 47 75
2005 18 20
2006 16 22
2007 4 4
2008 18 21
2009 9 14
2010 6 11
2011 8 14
2012 8 14
2013 6 8
2014 13 15
2015 37 69
2016 45 62
2017 51 79
2018 35 70
2019 47 70
2020 64 106
2021 10 13
2022 8 10
2023 9 12
2024 9 9
2025 15 15
2026 6 6
2027 11 18
2028 14 18
2029 11 13
2030 52 82
2031 40 63
2032 28 40
2033 73 137
2034 32 42
2035 88 143
2036 50 66
2037 8 10
2038 7 9
2039 12 14
2040 12 18
2041 11 13
2042 19 31
2043 10 16
2044 8 10
2045 7 9
2046 80 132
2047 33 59
2048 38 68
2049 22 35
2050 41 66
2051 58 97
2052 30 43
2053 65 99
2054 75 112
2055 10 12
2056 10 10
2057 17 23
2058 10 12
2059 44 67
2060 80 125
2061 52 107
2062 34 62
2063 4 4
2064 47 67
2065 56 104
2066 7 11
2067 14 17
2068 7 9
2069 20 22
2070 6 6
2071 12 18
2072 14 17
2073 12 16
2074 15 27
2075 14 18
2076 24 38
2077 23 33
2078 31 52
2079 6 6
2080 39 60
2081 50 87
2082 53 90
2083 43 65
2084 16 27
2085 8 10
2086 10 11
2087 6 11
2088 13 15
2089 8 10
2090 12 27
2091 44 71
2092 66 111
2093 42 63
2094 39 55
2095 45 67
2096 54 98
2097 48 63
2098 12 16
2099 16 19
2100 7 7
2101 9 11
2102 9 10
2103 9 14
2104 10 15
2105 40 66
2106 81 113
2107 28 41
2108 23 31
2109 35 66
2110 43 65
2111 44 66
2112 46 70
2113 86 117
2114 33 60
2115 10 13
2116 17 28
2117 16 22
2118 12 16
2119 11 12
2120 9 12
2121 9 9
2122 12 18
2123 10 15
2124 10 15
2125 45 66
2126 18 24
2127 63 101
2128 34 51
2129 18 30
2130 54 77
2131 12 12
2132 12 14
2133 12 17
2134 31 49
2135 33 42
2136 18 23
2137 54 78
2138 51 72
2139 25 35
2140 40 59
2141 34 53
2142 60 83
2143 11 17
2144 49 89
2145 65 109
2146 42 72
2147 49 76
2148 38 57
2149 24 30
2150 32 50
2151 38 68
2152 49 71
2153 49 73
2154 40 78
2155 29 45
2156 14 15
2157 11 14
2158 17 26
2159 7 11
2160 49 77
2161 6 6
2162 31 51
2163 50 73
2164 44 63
2165 32 47
2166 35 56
2167 51 81
2168 23 36
2169 45 59
2170 18 29
2171 5 7
2172 9 11
2173 16 22
2174 30 47
2175 48 82
2176 48 94
2177 71 105
2178 48 96
2179 41 72
2180 22 28
2181 95 137
2182 12 13
2183 8 11
2184 52 80
2185 27 38
2186 62 87
2187 41 62
2188 68 114
2189 65 106
2190 3 3
2191 8 11
2192 20 28
2193 21 32
2194 62 90
2195 57 92
2196 70 125
2197 62 97
2198 83 133
2199 9 13
2200 36 65
2201 60 82
2202 79 107
2203 63 97
2204 38 47
2205 10 14
2206 26 38
2207 32 51
2208 36 92
2209 20 34
2210 53 85
2211 44 65
2212 4 6
2213 12 17
2214 11 30
2215 59 104
2216 54 93
2217 74 145
2218 49 82
2219 49 98
2220 39 63
2221 13 15
2222 11 14
2223 12 17
2224 16 21
2225 12 13
2226 26 33
2227 31 46
2228 31 54
2229 46 76
2230 40 65
2231 29 51
2232 68 105
2233 159 217
2234 7 11
2235 6 11
2236 20 20
2237 4 4
2238 6 6
2239 15 26
2240 9 14
2241 15 20
2242 15 20
2243 11 15
2244 9 14
2245 65 98
2246 36 58
2247 45 67
2248 31 51
2249 34 63
2250 9 9
2251 32 53
2252 61 87
2253 47 84
2254 47 83
2255 14 19
2256 11 14
2257 8 13
2258 26 41
2259 12 22
2260 10 13
2261 36 56
2262 30 46
2263 63 118
2264 38 74
2265 69 111
2266 25 52
2267 28 40
2268 40 66
2269 11 14
2270 13 18
2271 6 6
2272 26 32
2273 42 76
2274 59 89
2275 48 63
2276 45 67
2277 38 79
2278 9 15
2279 14 28
2280 17 18
2281 13 13
2282 10 14
2283 34 61
2284 12 14
2285 24 41
2286 36 54
2287 44 69
2288 35 70
2289 91 149
2290 16 22
2291 12 14
2292 5 8
2293 8 11
2294 10 10
2295 15 21
2296 6 10
2297 59 100
2298 43 56
2299 53 69
2300 46 68
2301 49 86
2302 61 77
2303 18 20
2304 31 38
2305 43 60
2306 24 29
2307 48 81
2308 48 62
2309 15 20
2310 47 65
2311 24 43
2312 12 15
2313 53 81
2314 92 150
2315 17 23
2316 34 69
2317 62 88
2318 18 35
2319 52 82
2320 52 73
2321 47 75
2322 27 37
2323 37 58
2324 41 61
2325 21 39
2326 28 46
2327 33 44
2328 10 13
2329 10 13
2330 15 25
2331 9 12
2332 11 13
2333 15 18
2334 12 17
2335 11 16
2336 10 16
2337 20 27
2338 15 26
2339 37 57
2340 29 53
2341 78 111
2342 67 115
2343 59 87
2344 70 136
2345 31 53
2346 12 20
2347 12 18
2348 6 9
2349 17 23
2350 14 16
2351 5 7
2352 5 11
2353 35 48
2354 54 100
2355 46 68
2356 32 49
2357 49 81
2358 62 108
2359 52 94
2360 7 12
2361 9 11
2362 14 18
2363 7 14
2364 17 34
2365 32 41
2366 37 75
2367 45 64
2368 38 73
2369 46 71
2370 50 67
2371 16 35
2372 48 77
2373 42 77
2374 38 61
2375 62 109
2376 34 55
2377 55 94
2378 52 79
2379 44 73
2380 61 91
2381 10 10
2382 6 6
2383 48 73
2384 9 13
2385 9 13
2386 7 7
2387 30 37
2388 32 57
2389 38 53
2390 55 80
2391 15 24
2392 9 11
2393 15 27
2394 18 25
2395 19 33
2396 78 115
2397 5 5
2398 50 72
2399 30 39
2400 35 51
2401 54 80
2402 75 116
2403 10 18
2404 12 14
2405 10 15
2406 35 81
2407 26 45
2408 17 34
2409 21 35
2410 20 42
2411 21 30
2412 13 16
2413 25 32
2414 10 10
2415 10 18
2416 13 15
2417 7 8
2418 11 12
2419 10 12
2420 48 77
2421 76 131
2422 7 7
2423 65 99
2424 56 101
2425 3 3
2426 12 16
2427 9 12
2428 13 16
2429 20 26
2430 9 16
2431 10 16
2432 8 11
2433 51 87
2434 25 42
2435 21 33
2436 25 33
2437 42 88
2438 67 118
2439 33 56
2440 8 8
2441 7 7
2442 6 6
2443 7 7
2444 17 19
2445 11 14
2446 18 22
2447 17 27
2448 6 8
2449 24 37
2450 39 52
2451 67 99
2452 45 80
2453 52 76
2454 35 51
2455 48 70
2456 34 62
2457 34 51
2458 6 6
2459 10 10
2460 6 6
2461 5 5
2462 7 7
2463 7 7
2464 10 14
2465 14 19
2466 9 10
2467 13 18
2468 9 12
2469 22 44
2470 86 133
2471 54 90
2472 7 13
2473 9 13
2474 11 15
2475 11 14
2476 11 16
2477 10 15
2478 11 14
2479 40 76
2480 50 67
2481 31 59
2482 33 50
2483 97 160
2484 49 89
2485 40 70
2486 53 66
2487 28 42
2488 23 32
2489 17 20
2490 33 52
2491 22 36
2492 28 43
2493 26 42
2494 46 77
2495 17 23
2496 33 68
2497 54 98
2498 38 59
2499 74 116
2500 61 91
2501 51 91
2502 11 15
2503 4 4
2504 15 19
2505 12 15
2506 9 13
2507 25 37
2508 7 8
2509 6 7
2510 8 9
2511 4 4
2512 8 15
2513 25 43
2514 36 48
2515 37 79
2516 41 70
2517 33 45
2518 37 55
2519 39 57
2520 14 19
2521 15 17
2522 50 81
2523 38 63
2524 39 53
2525 45 97
2526 47 87
2527 41 65
2528 12 15
2529 12 15
2530 13 14
2531 7 10
2532 10 11
2533 14 19
2534 72 106
2535 53 90
2536 46 68
2537 43 73
2538 55 83
2539 12 16
2540 7 7
2541 58 83
2542 57 91
2543 39 57
2544 29 53
2545 24 40
2546 45 69
2547 58 92
2548 14 15
2549 15 21
2550 14 19
2551 7 13
2552 14 16
2553 11 15
2554 41 77
2555 42 71
2556 48 63
2557 33 49
2558 27 34
2559 32 54
2560 32 52
2561 47 70
2562 5 5
2563 5 5
2564 7 7
2565 10 17
2566 14 18
2567 55 89
2568 58 100
2569 43 95
2570 40 63
2571 45 70
2572 70 91
2573 4 4
2574 12 15
2575 11 15
2576 12 16
2577 13 18
2578 18 21
2579 34 58
2580 54 79
2581 38 58
2582 46 83
2583 16 20
2584 38 49
2585 10 10
2586 13 13
2587 7 7
2588 7 7
2589 9 9
2590 4 4
2591 7 10
2592 49 87
2593 46 81
2594 45 60
2595 50 82
2596 34 79
2597 43 58
2598 60 112
2599 11 16
2600 10 12
2601 16 22
2602 9 12
2603 29 45
2604 34 55
2605 39 55
2606 48 88
2607 12 14
2608 7 13
2609 25 46
2610 32 54
2611 7 7
2612 6 6
2613 7 9
2614 9 12
2615 12 18
2616 21 35
2617 8 8
2618 21 25
2619 32 64
2620 64 113
2621 33 43
2622 69 111
2623 46 66
2624 43 70
2625 63 107
2626 40 63
2627 46 81
2628 55 113
2629 56 75
2630 17 33
2631 59 83
2632 54 77
2633 21 40
2634 43 50
2635 7 7
2636 8 8
2637 7 7
2638 7 7
2639 6 6
2640 6 6
2641 12 16
2642 16 22
2643 32 40
2644 37 57
2645 53 98
2646 55 81
2647 14 18
2648 32 54
2649 23 42
2650 44 69
2651 53 83
2652 39 67
2653 7 7
2654 10 13
2655 11 14
2656 39 56
2657 34 63
2658 9 15
2659 11 13
2660 10 10
2661 12 13
2662 11 14
2663 11 13
2664 19 29
2665 47 76
2666 31 46
2667 53 90
2668 42 81
2669 61 105
2670 29 46
2671 11 12
2672 16 18
2673 7 10
2674 53 87
2675 9 9
2676 6 6
2677 7 7
2678 14 15
2679 39 70
2680 47 64
2681 41 61
2682 49 94
2683 48 79
2684 55 76
2685 18 31
2686 32 49
2687 50 78
2688 51 71
2689 11 14
2690 9 10
2691 15 18
2692 97 157
2693 15 21
2694 9 12
2695 50 80
2696 34 57
2697 70 111
2698 46 65
2699 48 81
2700 34 49
2701 63 95
2702 54 91
2703 44 74
2704 30 47
2705 56 90
2706 17 32
2707 41 58
2708 34 44
2709 53 79
2710 54 85
2711 47 68
2712 45 66
2713 9 9
2714 45 73
2715 44 63
2716 71 104
2717 41 67
2718 39 67
2719 43 70
2720 59 82
2721 69 113
2722 68 126
2723 56 94
2724 4 4
2725 8 8
2726 58 107
2727 23 37
2728 28 52
2729 15 19
2730 32 51
2731 8 11
2732 38 57
2733 39 54
2734 69 121
2735 14 18
2736 12 13
2737 35 72
2738 30 39
2739 57 93
2740 58 105
2741 44 63
2742 46 72
2743 12 15
2744 36 59
2745 18 33
2746 47 86
2747 19 30
2748 19 25
2749 38 73
2750 62 101
2751 43 72
2752 8 13
2753 84 143
2754 38 56
2755 5 5
2756 14 18
2757 6 9
2758 12 16
2759 10 10
2760 7 7
2761 7 7
2762 10 10
2763 13 15
2764 46 58
2765 63 90
2766 32 55
2767 49 88
2768 19 31
2769 24 41
2770 28 45
2771 50 64
2772 22 40
2773 9 9
2774 4 4
2775 9 10
2776 50 79
2777 35 53
2778 7 7
2779 21 34
2780 30 41
2781 13 19
2782 9 10
2783 12 14
2784 29 34
2785 35 53
2786 68 95
2787 54 72
2788 14 14
2789 8 8
2790 6 6
2791 7 7
2792 5 5
2793 6 6
2794 54 92
2795 62 91
2796 7 7
2797 7 7
2798 44 84
2799 34 62
2800 51 90
2801 53 75
2802 48 73
2803 14 21
2804 21 32
2805 29 46
2806 27 34
2807 35 62
2808 28 39
2809 33 47
2810 51 75
2811 37 75
2812 63 127
2813 23 38
2814 6 6
2815 36 48
2816 47 73
2817 35 57
2818 9 9
2819 45 63
2820 67 100
2821 44 57
2822 29 39
2823 39 70
2824 15 17
2825 20 25
2826 42 81
2827 43 73
2828 75 109
2829 64 95
2830 7 7
2831 10 10
2832 41 61
2833 59 79
2834 30 46
2835 31 44
2836 26 46
2837 33 54
2838 52 93
2839 25 37
2840 35 52
2841 47 73
2842 47 76
2843 33 42
2844 11 15
2845 31 43
2846 49 84
2847 31 51
2848 28 49
2849 63 105
2850 46 91
2851 75 129
2852 35 73
2853 9 10
2854 7 7
2855 33 53
2856 44 77
2857 40 60
2858 43 61
2859 48 82
2860 64 84
2861 7 7
2862 44 88
2863 34 65
2864 52 82
2865 50 75
2866 42 56
2867 35 45
2868 42 59
2869 30 43
2870 47 87
2871 46 71
2872 5 5
2873 38 58
2874 26 39
2875 11 15
2876 49 90
2877 34 52
2878 44 82
2879 17 24
2880 28 38
2881 23 33
2882 52 100
2883 53 104
2884 47 70
2885 38 56
2886 43 89
2887 68 142
2888 37 59
2889 62 119
2890 53 94
2891 30 47
2892 44 64
2893 71 117
2894 36 62
2895 23 35
2896 28 42
2897 59 109
2898 42 67
2899 31 58
2900 30 43
2901 37 66
2902 53 110
2903 41 68
2904 30 46
2905 55 110
2906 46 74
2907 34 62
2908 7 10
2909 10 11
2910 12 17
2911 80 136
2912 34 55
2913 51 68
2914 30 59
2915 33 52
2916 67 109
2917 11 11
2918 48 74
2919 50 73
2920 49 70
2921 59 104
2922 79 120
2923 67 117
2924 68 99
2925 76 104
2926 26 43
2927 42 67
2928 57 86
2929 54 87
2930 30 45
2931 118 164
2932 23 30
2933 15 22
2934 9 12
2935 9 9
2936 50 68
2937 39 64
2938 42 65
2939 47 90
2940 61 99
2941 39 54
2942 12 18
2943 41 69
2944 52 71
2945 39 59
2946 41 53
2947 65 94
2948 42 68
2949 46 91
2950 46 73
2951 62 105
2952 14 17
2953 36 48
2954 34 47
2955 29 55
2956 37 54
2957 57 101
2958 33 61
2959 40 71
2960 5 5
2961 34 54
2962 37 52
2963 31 56
2964 10 15
2965 11 14
2966 37 62
2967 63 97
2968 56 81
2969 27 45
2970 57 88
2971 60 94
2972 34 59
2973 35 51
2974 16 17
2975 9 14
2976 13 16
2977 37 61
2978 42 85
2979 79 119
2980 40 65
2981 42 75
2982 6 10
2983 5 10
2984 25 39
2985 60 97
2986 48 87
2987 53 90
2988 50 78
2989 54 91
2990 53 96
2991 57 103
2992 9 13
2993 55 82
2994 39 53
2995 7 7
2996 56 88
2997 33 58
2998 62 105
2999 35 65
3000 41 60
3001 64 87
3002 49 91
3003 28 45
3004 40 64
3005 66 92
3006 46 77
3007 5 5
3008 52 88
3009 23 36
3010 29 47
3011 47 93
3012 41 57
3013 44 60
3014 47 93
3015 90 128
3016 36 49
3017 29 38
3018 53 99
3019 7 7
3020 46 71
3021 72 124
3022 41 61
3023 49 62
3024 66 94
3025 55 82
3026 68 91
3027 62 77
3028 55 72
3029 6 6
3030 45 61
3031 48 74
3032 56 102
3033 58 103
3034 37 64
3035 45 74
3036 44 72
3037 32 47
3038 33 48
3039 57 68
3040 42 64
3041 64 118
3042 46 71
3043 44 74
3044 26 30
3045 32 49
3046 38 67
3047 61 109
3048 61 102
3049 69 121
3050 42 69
3051 11 15
3052 62 120
3053 61 80
3054 44 58
3055 33 56
3056 36 51
3057 59 109
3058 33 51
3059 44 74
3060 24 36
3061 9 14
3062 11 14
3063 12 13
3064 49 83
3065 35 59
3066 53 77
3067 68 106
3068 38 58
3069 47 73
3070 38 67
3071 45 63
3072 66 101
3073 49 67
3074 51 82
3075 34 55
3076 75 123
3077 95 201
3078 44 72
3079 21 25
3080 52 80
3081 62 103
3082 29 51
3083 32 47
3084 36 60
3085 39 69
3086 42 58
3087 87 125
3088 49 72
3089 36 50
3090 41 75
3091 53 111
3092 67 103
3093 34 51
3094 79 117
3095 34 64
3096 48 76
3097 64 120
3098 33 62
3099 38 66
3100 47 68
3101 50 70
3102 32 42
3103 44 79
3104 29 50
3105 47 85
3106 54 74
3107 29 39
3108 21 29
3109 24 32
3110 38 65
3111 55 73
3112 80 131
3113 40 59
3114 50 77
3115 55 102
3116 50 81
3117 53 77
3118 37 53
3119 29 40
3120 53 74
3121 39 65
3122 12 17
3123 11 13
3124 42 69
3125 49 79
3126 21 33
3127 43 65
3128 50 82
3129 37 53
3130 50 97
3131 51 77
3132 47 83
3133 41 60
3134 50 90
3135 61 86
3136 43 67
3137 32 53
3138 72 108
3139 36 60
3140 45 61
3141 38 52
3142 71 96
3143 42 58
3144 28 39
3145 48 80
3146 52 89
3147 54 85
3148 43 58
3149 39 56
3150 56 78
3151 26 46
3152 51 80
3153 69 103
3154 35 65
3155 4 4
3156 40 59
3157 52 106
3158 30 53
3159 9 12
3160 87 117
3161 15 15
3162 22 37
3163 50 102
3164 52 72
3165 53 83
3166 42 60
3167 23 37
3168 13 16
3169 12 17
3170 17 27
3171 27 33
3172 37 68
3173 34 43
3174 26 36
3175 39 62
3176 49 68
3177 36 43
3178 4 4
3179 34 42
3180 32 43
3181 53 72
3182 64 81
3183 44 69
3184 25 33
3185 21 28
3186 13 17
3187 22 25
3188 18 23
3189 24 33
3190 24 27
3191 22 24
3192 30 39
3193 25 28
3194 28 29
3195 24 31
3196 31 40
3197 27 31
3198 22 27
3199 55 67
3200 39 66
3201 43 51
3202 45 54
3203 38 52
3204 42 48
